è§ïiID,è§ïiãKäiID,êeãKäiï™óﬁID,ãKäiï™óﬁID,êeãKäiï™óﬁñº,ãKäiï™óﬁñº,ÉÅÅ[ÉJÅ[ID,ÉÅÅ[ÉJÅ[ñº,è§ïiñº,ï\é¶ÉXÉeÅ[É^ÉX(åˆäJÅEîÒåˆäJ),ÉÅÅ[ÉJÅ[URL(ÉRÉÅÉìÉg1),ÉRÉÅÉìÉg2,åüçıÉèÅ[Éh(ÉRÉÅÉìÉg3),ÉRÉÅÉìÉg4,ÉRÉÅÉìÉg5,ÉRÉÅÉìÉg6,îıçlóì(SHOPêÍóp),àÍóó-ÉÅÉCÉìÉRÉÅÉìÉg,àÍóó-ÉÅÉCÉìâÊëú,è⁄ç◊-ÉÅÉCÉìÉRÉÅÉìÉg,è⁄ç◊-ÉÅÉCÉìâÊëú,è⁄ç◊-ÉÅÉCÉìägëÂâÊëú,è⁄ç◊-ÉTÉuÉ^ÉCÉgÉã(1),è⁄ç◊-ÉTÉuÉRÉÅÉìÉg(1),è⁄ç◊-ÉTÉuâÊëú(1),è⁄ç◊-ÉTÉuägëÂâÊëú(1),è⁄ç◊-ÉTÉuÉ^ÉCÉgÉã(2),è⁄ç◊-ÉTÉuÉRÉÅÉìÉg(2),è⁄ç◊-ÉTÉuâÊëú(2),è⁄ç◊-ÉTÉuägëÂâÊëú(2),è⁄ç◊-ÉTÉuÉ^ÉCÉgÉã(3),è⁄ç◊-ÉTÉuÉRÉÅÉìÉg(3),è⁄ç◊-ÉTÉuâÊëú(3),è⁄ç◊-ÉTÉuägëÂâÊëú(3),è⁄ç◊-ÉTÉuÉ^ÉCÉgÉã(4),è⁄ç◊-ÉTÉuÉRÉÅÉìÉg(4),è⁄ç◊-ÉTÉuâÊëú(4),è⁄ç◊-ÉTÉuägëÂâÊëú(4),è⁄ç◊-ÉTÉuÉ^ÉCÉgÉã(5),è⁄ç◊-ÉTÉuÉRÉÅÉìÉg(5),è⁄ç◊-ÉTÉuâÊëú(5),è⁄ç◊-ÉTÉuägëÂâÊëú(5),î≠ëóì˙ñ⁄à¿ID,çÌèúÉtÉâÉO,è§ïiéÌï ID,è§ïiÉRÅ[Éh,ç›å…êî,ç›å…ñ≥êßå¿ÉtÉâÉO,îÃîÑêßå¿êî,í èÌâøäi,îÃîÑâøäi,ëóóø,É|ÉCÉìÉgïtó^ó¶,É_ÉEÉìÉçÅ[ÉhÉtÉ@ÉCÉãñº,É_ÉEÉìÉçÅ[Éhé¿ÉtÉ@ÉCÉã,ä÷òAè§ïiID(1),ä÷òAè§ïiÉRÉÅÉìÉg(1),ä÷òAè§ïiID(2),ä÷òAè§ïiÉRÉÅÉìÉg(2),ä÷òAè§ïiID(3),ä÷òAè§ïiÉRÉÅÉìÉg(3),ä÷òAè§ïiID(4),ä÷òAè§ïiÉRÉÅÉìÉg(4),ä÷òAè§ïiID(5),ä÷òAè§ïiÉRÉÅÉìÉg(5),ä÷òAè§ïiID(6),ä÷òAè§ïiÉRÉÅÉìÉg(6),è§ïiÉXÉeÅ[É^ÉX,è§ïiÉXÉeÅ[É^ÉXñº,ÉJÉeÉSÉäID,ÉJÉeÉSÉäñº
290,298,0,0,,,,,Åy1day RENTALÅzau KDDI HWD11,1,,,,,,,,Åy1day RENTALÅzau KDDI HWD11,au/au-00.jpg,*,au/au-00.jpg,au/au-00.jpg,,,,,,,,,,,,,,,,,,,,,,0,1,7172,,1,,,650,,5,,,,,,,,,,,,,,,,,7,au
332,495,9,7,Request(+Åè50/1day),Sign up (+Åè540),,,Åy3days/2nights RENTALÅzau KDDI HWD11,1,,,,,,,,Åy3days/2nights RENTALÅzau KDDI HWD11,03151238_5504feb192510.jpg,*,03151238_5504feb18fa7f.jpg,03151238_5504feb18c96e.jpg,,,,,,,,,,,,,,,,,,,,,,0,1,en_au_002_in_bt,,1,,1950,2640,,5,,,,,,,,,,,,,,,,,7,au
332,494,10,7,Not request(+Åè0),Sign up (+Åè540),,,Åy3days/2nights RENTALÅzau KDDI HWD11,1,,,,,,,,Åy3days/2nights RENTALÅzau KDDI HWD11,03151238_5504feb192510.jpg,*,03151238_5504feb18fa7f.jpg,03151238_5504feb18c96e.jpg,,,,,,,,,,,,,,,,,,,,,,0,1,en_au_002_in,,1,,1950,2490,,5,,,,,,,,,,,,,,,,,7,au
332,493,9,8,Request(+Åè50/1day),Not sign up (+Åè0),,,Åy3days/2nights RENTALÅzau KDDI HWD11,1,,,,,,,,Åy3days/2nights RENTALÅzau KDDI HWD11,03151238_5504feb192510.jpg,*,03151238_5504feb18fa7f.jpg,03151238_5504feb18c96e.jpg,,,,,,,,,,,,,,,,,,,,,,0,1,en_au_002_bt,,1,,1950,2100,,5,,,,,,,,,,,,,,,,,7,au
332,340,10,8,Not request(+Åè0),Not sign up (+Åè0),,,Åy3days/2nights RENTALÅzau KDDI HWD11,1,,,,,,,,Åy3days/2nights RENTALÅzau KDDI HWD11,03151238_5504feb192510.jpg,*,03151238_5504feb18fa7f.jpg,03151238_5504feb18c96e.jpg,,,,,,,,,,,,,,,,,,,,,,0,1,en_au_002,,1,,1950,1950,,5,,,,,,,,,,,,,,,,,7,au
331,492,9,7,Request(+Åè50/1day),Sign up (+Åè540),,,Åy2days/1nights RENTALÅzau KDDI HWD11,1,,,,,,,,Åy2days/1nights RENTALÅzau KDDI HWD11,03151248_550500f63487f.jpg,*,03151248_550500f631e8c.jpg,03151248_550500f62ed7d.jpg,,,,,,,,,,,,,,,,,,,,,,0,1,en_au_001_in_bt,,1,,1300,1940,,5,,,,,,,,,,,,,,,,,7,au
331,491,10,7,Not request(+Åè0),Sign up (+Åè540),,,Åy2days/1nights RENTALÅzau KDDI HWD11,1,,,,,,,,Åy2days/1nights RENTALÅzau KDDI HWD11,03151248_550500f63487f.jpg,*,03151248_550500f631e8c.jpg,03151248_550500f62ed7d.jpg,,,,,,,,,,,,,,,,,,,,,,0,1,en_au_001_in,,1,,1300,1840,,5,,,,,,,,,,,,,,,,,7,au
331,490,9,8,Request(+Åè50/1day),Not sign up (+Åè0),,,Åy2days/1nights RENTALÅzau KDDI HWD11,1,,,,,,,,Åy2days/1nights RENTALÅzau KDDI HWD11,03151248_550500f63487f.jpg,*,03151248_550500f631e8c.jpg,03151248_550500f62ed7d.jpg,,,,,,,,,,,,,,,,,,,,,,0,1,en_au_001_bt,,1,,1300,1400,,5,,,,,,,,,,,,,,,,,7,au
331,339,10,8,Not request(+Åè0),Not sign up (+Åè0),,,Åy2days/1nights RENTALÅzau KDDI HWD11,1,,,,,,,,Åy2days/1nights RENTALÅzau KDDI HWD11,03151248_550500f63487f.jpg,*,03151248_550500f631e8c.jpg,03151248_550500f62ed7d.jpg,,,,,,,,,,,,,,,,,,,,,,0,1,en_au_001,,1,,1300,1300,,5,,,,,,,,,,,,,,,,,7,au
333,498,9,7,Request(+Åè50/1day),Sign up (+Åè540),,,Åy4days/3nights RENTALÅzau KDDI HWD11,1,,,,,,,,Åy4days/3nights RENTALÅzau KDDI HWD11,03151237_5504fe91d7fda.jpg,*,03151237_5504fe91d5630.jpg,03151237_5504fe91d22e5.jpg,,,,,,,,,,,,,,,,,,,,,,0,1,en_au_003_in_bt,,1,,2600,3340,,5,,,,,,,,,,,,,,,,,7,au
333,497,10,7,Not request(+Åè0),Sign up (+Åè540),,,Åy4days/3nights RENTALÅzau KDDI HWD11,1,,,,,,,,Åy4days/3nights RENTALÅzau KDDI HWD11,03151237_5504fe91d7fda.jpg,*,03151237_5504fe91d5630.jpg,03151237_5504fe91d22e5.jpg,,,,,,,,,,,,,,,,,,,,,,0,1,en_au_003_in,,1,,2600,3140,,5,,,,,,,,,,,,,,,,,7,au
333,496,9,8,Request(+Åè50/1day),Not sign up (+Åè0),,,Åy4days/3nights RENTALÅzau KDDI HWD11,1,,,,,,,,Åy4days/3nights RENTALÅzau KDDI HWD11,03151237_5504fe91d7fda.jpg,*,03151237_5504fe91d5630.jpg,03151237_5504fe91d22e5.jpg,,,,,,,,,,,,,,,,,,,,,,0,1,en_au_003_bt,,1,,2600,2800,,5,,,,,,,,,,,,,,,,,7,au
333,341,10,8,Not request(+Åè0),Not sign up (+Åè0),,,Åy4days/3nights RENTALÅzau KDDI HWD11,1,,,,,,,,Åy4days/3nights RENTALÅzau KDDI HWD11,03151237_5504fe91d7fda.jpg,*,03151237_5504fe91d5630.jpg,03151237_5504fe91d22e5.jpg,,,,,,,,,,,,,,,,,,,,,,0,1,en_au_003,,1,,2600,2600,,5,,,,,,,,,,,,,,,,,7,au
334,501,9,7,Request(+Åè50/1day),Sign up (+Åè540),,,Åy5days/4nights RENTALÅzau KDDI HWD11,1,,,,,,,,Åy5days/4nights RENTALÅzau KDDI HWD11,03151237_5504fe7babfe3.jpg,*,03151237_5504fe7ba9607.jpg,03151237_5504fe7ba5dd1.jpg,,,,,,,,,,,,,,,,,,,,,,0,1,en_au_004_in_bt,,1,,3250,4040,,5,,,,,,,,,,,,,,,,,7,au
334,500,10,7,Not request(+Åè0),Sign up (+Åè540),,,Åy5days/4nights RENTALÅzau KDDI HWD11,1,,,,,,,,Åy5days/4nights RENTALÅzau KDDI HWD11,03151237_5504fe7babfe3.jpg,*,03151237_5504fe7ba9607.jpg,03151237_5504fe7ba5dd1.jpg,,,,,,,,,,,,,,,,,,,,,,0,1,en_au_004_in,,1,,3250,3790,,5,,,,,,,,,,,,,,,,,7,au
334,499,9,8,Request(+Åè50/1day),Not sign up (+Åè0),,,Åy5days/4nights RENTALÅzau KDDI HWD11,1,,,,,,,,Åy5days/4nights RENTALÅzau KDDI HWD11,03151237_5504fe7babfe3.jpg,*,03151237_5504fe7ba9607.jpg,03151237_5504fe7ba5dd1.jpg,,,,,,,,,,,,,,,,,,,,,,0,1,en_au_004_bt,,1,,3250,3500,,5,,,,,,,,,,,,,,,,,7,au
334,342,10,8,Not request(+Åè0),Not sign up (+Åè0),,,Åy5days/4nights RENTALÅzau KDDI HWD11,1,,,,,,,,Åy5days/4nights RENTALÅzau KDDI HWD11,03151237_5504fe7babfe3.jpg,*,03151237_5504fe7ba9607.jpg,03151237_5504fe7ba5dd1.jpg,,,,,,,,,,,,,,,,,,,,,,0,1,en_au_004,,1,,3250,3250,,5,,,,,,,,,,,,,,,,,7,au
335,504,9,7,Request(+Åè50/1day),Sign up (+Åè540),,,Åy6days/5nights RENTALÅzau KDDI HWD11,1,,,,,,,,Åy6days/5nights RENTALÅzau KDDI HWD11,03151237_5504fe6771bc6.jpg,*,03151237_5504fe676f176.jpg,03151237_5504fe676c040.jpg,,,,,,,,,,,,,,,,,,,,,,0,1,en_au_005_in_bt,,1,,3900,4740,,5,,,,,,,,,,,,,,,,,7,au
335,503,10,7,Not request(+Åè0),Sign up (+Åè540),,,Åy6days/5nights RENTALÅzau KDDI HWD11,1,,,,,,,,Åy6days/5nights RENTALÅzau KDDI HWD11,03151237_5504fe6771bc6.jpg,*,03151237_5504fe676f176.jpg,03151237_5504fe676c040.jpg,,,,,,,,,,,,,,,,,,,,,,0,1,en_au_005_in,,1,,3900,4440,,5,,,,,,,,,,,,,,,,,7,au
335,502,9,8,Request(+Åè50/1day),Not sign up (+Åè0),,,Åy6days/5nights RENTALÅzau KDDI HWD11,1,,,,,,,,Åy6days/5nights RENTALÅzau KDDI HWD11,03151237_5504fe6771bc6.jpg,*,03151237_5504fe676f176.jpg,03151237_5504fe676c040.jpg,,,,,,,,,,,,,,,,,,,,,,0,1,en_au_005_bt,,1,,3900,4200,,5,,,,,,,,,,,,,,,,,7,au
335,343,10,8,Not request(+Åè0),Not sign up (+Åè0),,,Åy6days/5nights RENTALÅzau KDDI HWD11,1,,,,,,,,Åy6days/5nights RENTALÅzau KDDI HWD11,03151237_5504fe6771bc6.jpg,*,03151237_5504fe676f176.jpg,03151237_5504fe676c040.jpg,,,,,,,,,,,,,,,,,,,,,,0,1,en_au_005,,1,,3900,3900,,5,,,,,,,,,,,,,,,,,7,au
336,507,9,7,Request(+Åè50/1day),Sign up (+Åè540),,,Åy7days/6nights RENTALÅzau KDDI HWD11,1,,,,,,,,Åy7days/6nights RENTALÅzau KDDI HWD11,03151236_5504fe5027b82.jpg,*,03151236_5504fe502538c.jpg,03151236_5504fe5022508.jpg,,,,,,,,,,,,,,,,,,,,,,0,1,en_au_006_in_bt,,1,,4550,5440,,5,,,,,,,,,,,,,,,,,7,au
336,506,10,7,Not request(+Åè0),Sign up (+Åè540),,,Åy7days/6nights RENTALÅzau KDDI HWD11,1,,,,,,,,Åy7days/6nights RENTALÅzau KDDI HWD11,03151236_5504fe5027b82.jpg,*,03151236_5504fe502538c.jpg,03151236_5504fe5022508.jpg,,,,,,,,,,,,,,,,,,,,,,0,1,en_au_006_in,,1,,4550,5090,,5,,,,,,,,,,,,,,,,,7,au
336,505,9,8,Request(+Åè50/1day),Not sign up (+Åè0),,,Åy7days/6nights RENTALÅzau KDDI HWD11,1,,,,,,,,Åy7days/6nights RENTALÅzau KDDI HWD11,03151236_5504fe5027b82.jpg,*,03151236_5504fe502538c.jpg,03151236_5504fe5022508.jpg,,,,,,,,,,,,,,,,,,,,,,0,1,en_au_006_bt,,1,,4550,4900,,5,,,,,,,,,,,,,,,,,7,au
336,344,10,8,Not request(+Åè0),Not sign up (+Åè0),,,Åy7days/6nights RENTALÅzau KDDI HWD11,1,,,,,,,,Åy7days/6nights RENTALÅzau KDDI HWD11,03151236_5504fe5027b82.jpg,*,03151236_5504fe502538c.jpg,03151236_5504fe5022508.jpg,,,,,,,,,,,,,,,,,,,,,,0,1,en_au_006,,1,,4550,4550,,5,,,,,,,,,,,,,,,,,7,au
337,510,9,7,Request(+Åè50/1day),Sign up (+Åè540),,,Åy8days/7nights RENTALÅzau KDDI HWD11,1,,,,,,,,Åy8days/7nights RENTALÅzau KDDI HWD11,03151236_5504fe3c06981.jpg,*,03151236_5504fe3c03ed9.jpg,03151236_5504fe3c00e55.jpg,,,,,,,,,,,,,,,,,,,,,,0,1,en_au_007_in_bt,,1,,5200,6140,,5,,,,,,,,,,,,,,,,,7,au
337,509,10,7,Not request(+Åè0),Sign up (+Åè540),,,Åy8days/7nights RENTALÅzau KDDI HWD11,1,,,,,,,,Åy8days/7nights RENTALÅzau KDDI HWD11,03151236_5504fe3c06981.jpg,*,03151236_5504fe3c03ed9.jpg,03151236_5504fe3c00e55.jpg,,,,,,,,,,,,,,,,,,,,,,0,1,en_au_007_in,,1,,5200,5740,,5,,,,,,,,,,,,,,,,,7,au
337,508,9,8,Request(+Åè50/1day),Not sign up (+Åè0),,,Åy8days/7nights RENTALÅzau KDDI HWD11,1,,,,,,,,Åy8days/7nights RENTALÅzau KDDI HWD11,03151236_5504fe3c06981.jpg,*,03151236_5504fe3c03ed9.jpg,03151236_5504fe3c00e55.jpg,,,,,,,,,,,,,,,,,,,,,,0,1,en_au_007_bt,,1,,5200,5600,,5,,,,,,,,,,,,,,,,,7,au
337,345,10,8,Not request(+Åè0),Not sign up (+Åè0),,,Åy8days/7nights RENTALÅzau KDDI HWD11,1,,,,,,,,Åy8days/7nights RENTALÅzau KDDI HWD11,03151236_5504fe3c06981.jpg,*,03151236_5504fe3c03ed9.jpg,03151236_5504fe3c00e55.jpg,,,,,,,,,,,,,,,,,,,,,,0,1,en_au_007,,1,,5200,5200,,5,,,,,,,,,,,,,,,,,7,au
338,513,9,7,Request(+Åè50/1day),Sign up (+Åè540),,,Åy9days/8nights RENTALÅzau KDDI HWD11,1,,,,,,,,Åy9days/8nights RENTALÅzau KDDI HWD11,03151236_5504fe28b3e26.jpg,*,03151236_5504fe28b15cf.jpg,03151236_5504fe28ae69d.jpg,,,,,,,,,,,,,,,,,,,,,,0,1,en_au_008_in_bt,,1,,5850,6840,,5,,,,,,,,,,,,,,,,,7,au
338,512,10,7,Not request(+Åè0),Sign up (+Åè540),,,Åy9days/8nights RENTALÅzau KDDI HWD11,1,,,,,,,,Åy9days/8nights RENTALÅzau KDDI HWD11,03151236_5504fe28b3e26.jpg,*,03151236_5504fe28b15cf.jpg,03151236_5504fe28ae69d.jpg,,,,,,,,,,,,,,,,,,,,,,0,1,en_au_008_in,,1,,5850,6390,,5,,,,,,,,,,,,,,,,,7,au
338,511,9,8,Request(+Åè50/1day),Not sign up (+Åè0),,,Åy9days/8nights RENTALÅzau KDDI HWD11,1,,,,,,,,Åy9days/8nights RENTALÅzau KDDI HWD11,03151236_5504fe28b3e26.jpg,*,03151236_5504fe28b15cf.jpg,03151236_5504fe28ae69d.jpg,,,,,,,,,,,,,,,,,,,,,,0,1,en_au_008_bt,,1,,5850,6300,,5,,,,,,,,,,,,,,,,,7,au
338,346,10,8,Not request(+Åè0),Not sign up (+Åè0),,,Åy9days/8nights RENTALÅzau KDDI HWD11,1,,,,,,,,Åy9days/8nights RENTALÅzau KDDI HWD11,03151236_5504fe28b3e26.jpg,*,03151236_5504fe28b15cf.jpg,03151236_5504fe28ae69d.jpg,,,,,,,,,,,,,,,,,,,,,,0,1,en_au_008,,1,,5850,5850,,5,,,,,,,,,,,,,,,,,7,au
339,516,9,7,Request(+Åè50/1day),Sign up (+Åè540),,,Åy10days/9nights RENTALÅzau KDDI HWD11,1,,,,,,,,Åy10days/9nights RENTALÅzau KDDI HWD11,03151235_5504fe13b2772.jpg,*,03151235_5504fe13b0020.jpg,03151235_5504fe13ad223.jpg,,,,,,,,,,,,,,,,,,,,,,0,1,en_au_009_in_bt,,1,,6500,7540,,5,,,,,,,,,,,,,,,,,7,au
339,515,10,7,Not request(+Åè0),Sign up (+Åè540),,,Åy10days/9nights RENTALÅzau KDDI HWD11,1,,,,,,,,Åy10days/9nights RENTALÅzau KDDI HWD11,03151235_5504fe13b2772.jpg,*,03151235_5504fe13b0020.jpg,03151235_5504fe13ad223.jpg,,,,,,,,,,,,,,,,,,,,,,0,1,en_au_009_in,,1,,6500,7040,,5,,,,,,,,,,,,,,,,,7,au
339,514,9,8,Request(+Åè50/1day),Not sign up (+Åè0),,,Åy10days/9nights RENTALÅzau KDDI HWD11,1,,,,,,,,Åy10days/9nights RENTALÅzau KDDI HWD11,03151235_5504fe13b2772.jpg,*,03151235_5504fe13b0020.jpg,03151235_5504fe13ad223.jpg,,,,,,,,,,,,,,,,,,,,,,0,1,en_au_009_bt,,1,,6500,7000,,5,,,,,,,,,,,,,,,,,7,au
339,347,10,8,Not request(+Åè0),Not sign up (+Åè0),,,Åy10days/9nights RENTALÅzau KDDI HWD11,1,,,,,,,,Åy10days/9nights RENTALÅzau KDDI HWD11,03151235_5504fe13b2772.jpg,*,03151235_5504fe13b0020.jpg,03151235_5504fe13ad223.jpg,,,,,,,,,,,,,,,,,,,,,,0,1,en_au_009,,1,,6500,6500,,5,,,,,,,,,,,,,,,,,7,au
340,519,9,7,Request(+Åè50/1day),Sign up (+Åè540),,,Åy11days/10nights RENTALÅzau KDDI HWD11,1,,,,,,,,Åy11days/10nights RENTALÅzau KDDI HWD11,03151235_5504fdfe1fee8.jpg,*,03151235_5504fdfe1d53e.jpg,03151235_5504fdfe1a390.jpg,,,,,,,,,,,,,,,,,,,,,,0,1,en_au_010_in_bt,,1,,7150,8240,,5,,,,,,,,,,,,,,,,,7,au
340,518,10,7,Not request(+Åè0),Sign up (+Åè540),,,Åy11days/10nights RENTALÅzau KDDI HWD11,1,,,,,,,,Åy11days/10nights RENTALÅzau KDDI HWD11,03151235_5504fdfe1fee8.jpg,*,03151235_5504fdfe1d53e.jpg,03151235_5504fdfe1a390.jpg,,,,,,,,,,,,,,,,,,,,,,0,1,en_au_010_in,,1,,7150,7690,,5,,,,,,,,,,,,,,,,,7,au
340,517,9,8,Request(+Åè50/1day),Not sign up (+Åè0),,,Åy11days/10nights RENTALÅzau KDDI HWD11,1,,,,,,,,Åy11days/10nights RENTALÅzau KDDI HWD11,03151235_5504fdfe1fee8.jpg,*,03151235_5504fdfe1d53e.jpg,03151235_5504fdfe1a390.jpg,,,,,,,,,,,,,,,,,,,,,,0,1,en_au_010_bt,,1,,7150,7700,,5,,,,,,,,,,,,,,,,,7,au
340,348,10,8,Not request(+Åè0),Not sign up (+Åè0),,,Åy11days/10nights RENTALÅzau KDDI HWD11,1,,,,,,,,Åy11days/10nights RENTALÅzau KDDI HWD11,03151235_5504fdfe1fee8.jpg,*,03151235_5504fdfe1d53e.jpg,03151235_5504fdfe1a390.jpg,,,,,,,,,,,,,,,,,,,,,,0,1,en_au_010,,1,,7150,7150,,5,,,,,,,,,,,,,,,,,7,au
341,522,9,7,Request(+Åè50/1day),Sign up (+Åè540),,,Åy12days/11nights RENTALÅzau KDDI HWD11,1,,,,,,,,Åy12days/11nights RENTALÅzau KDDI HWD11,03151234_5504fde2a1ffd.jpg,*,03151234_5504fde29f485.jpg,03151234_5504fde29c3fa.jpg,,,,,,,,,,,,,,,,,,,,,,0,1,en_au_011_in_bt,,1,,7800,8940,,5,,,,,,,,,,,,,,,,,7,au
341,521,10,7,Not request(+Åè0),Sign up (+Åè540),,,Åy12days/11nights RENTALÅzau KDDI HWD11,1,,,,,,,,Åy12days/11nights RENTALÅzau KDDI HWD11,03151234_5504fde2a1ffd.jpg,*,03151234_5504fde29f485.jpg,03151234_5504fde29c3fa.jpg,,,,,,,,,,,,,,,,,,,,,,0,1,en_au_011_in,,1,,7800,8340,,5,,,,,,,,,,,,,,,,,7,au
341,520,9,8,Request(+Åè50/1day),Not sign up (+Åè0),,,Åy12days/11nights RENTALÅzau KDDI HWD11,1,,,,,,,,Åy12days/11nights RENTALÅzau KDDI HWD11,03151234_5504fde2a1ffd.jpg,*,03151234_5504fde29f485.jpg,03151234_5504fde29c3fa.jpg,,,,,,,,,,,,,,,,,,,,,,0,1,en_au_011_bt,,1,,7800,8400,,5,,,,,,,,,,,,,,,,,7,au
341,349,10,8,Not request(+Åè0),Not sign up (+Åè0),,,Åy12days/11nights RENTALÅzau KDDI HWD11,1,,,,,,,,Åy12days/11nights RENTALÅzau KDDI HWD11,03151234_5504fde2a1ffd.jpg,*,03151234_5504fde29f485.jpg,03151234_5504fde29c3fa.jpg,,,,,,,,,,,,,,,,,,,,,,0,1,en_au_011,,1,,7800,7800,,5,,,,,,,,,,,,,,,,,7,au
342,525,9,7,Request(+Åè50/1day),Sign up (+Åè540),,,Åy13days/12nights RENTALÅzau KDDI HWD11,1,,,,,,,,Åy13days/12nights RENTALÅzau KDDI HWD11,03151234_5504fdcc7a1ee.jpg,*,03151234_5504fdcc771c1.jpg,03151234_5504fdcc733f5.jpg,,,,,,,,,,,,,,,,,,,,,,0,1,en_au_012_in_bt,,1,,8450,9640,,5,,,,,,,,,,,,,,,,,7,au
342,524,10,7,Not request(+Åè0),Sign up (+Åè540),,,Åy13days/12nights RENTALÅzau KDDI HWD11,1,,,,,,,,Åy13days/12nights RENTALÅzau KDDI HWD11,03151234_5504fdcc7a1ee.jpg,*,03151234_5504fdcc771c1.jpg,03151234_5504fdcc733f5.jpg,,,,,,,,,,,,,,,,,,,,,,0,1,en_au_012_in,,1,,8450,8990,,5,,,,,,,,,,,,,,,,,7,au
342,523,9,8,Request(+Åè50/1day),Not sign up (+Åè0),,,Åy13days/12nights RENTALÅzau KDDI HWD11,1,,,,,,,,Åy13days/12nights RENTALÅzau KDDI HWD11,03151234_5504fdcc7a1ee.jpg,*,03151234_5504fdcc771c1.jpg,03151234_5504fdcc733f5.jpg,,,,,,,,,,,,,,,,,,,,,,0,1,en_au_012_bt,,1,,8450,9100,,5,,,,,,,,,,,,,,,,,7,au
342,350,10,8,Not request(+Åè0),Not sign up (+Åè0),,,Åy13days/12nights RENTALÅzau KDDI HWD11,1,,,,,,,,Åy13days/12nights RENTALÅzau KDDI HWD11,03151234_5504fdcc7a1ee.jpg,*,03151234_5504fdcc771c1.jpg,03151234_5504fdcc733f5.jpg,,,,,,,,,,,,,,,,,,,,,,0,1,en_au_012,,1,,8450,8450,,5,,,,,,,,,,,,,,,,,7,au
343,528,9,7,Request(+Åè50/1day),Sign up (+Åè540),,,Åy14days/13nights RENTALÅzau KDDI HWD11,1,,,,,,,,Åy14days/13nights RENTALÅzau KDDI HWD11,03151233_5504fda1d241d.jpg,*,03151233_5504fda1cf9ba.jpg,03151233_5504fda1cc895.jpg,,,,,,,,,,,,,,,,,,,,,,0,1,en_au_013_in_bt,,1,,9100,10340,,5,,,,,,,,,,,,,,,,,7,au
343,527,10,7,Not request(+Åè0),Sign up (+Åè540),,,Åy14days/13nights RENTALÅzau KDDI HWD11,1,,,,,,,,Åy14days/13nights RENTALÅzau KDDI HWD11,03151233_5504fda1d241d.jpg,*,03151233_5504fda1cf9ba.jpg,03151233_5504fda1cc895.jpg,,,,,,,,,,,,,,,,,,,,,,0,1,en_au_013_in,,1,,9100,9640,,5,,,,,,,,,,,,,,,,,7,au
343,526,9,8,Request(+Åè50/1day),Not sign up (+Åè0),,,Åy14days/13nights RENTALÅzau KDDI HWD11,1,,,,,,,,Åy14days/13nights RENTALÅzau KDDI HWD11,03151233_5504fda1d241d.jpg,*,03151233_5504fda1cf9ba.jpg,03151233_5504fda1cc895.jpg,,,,,,,,,,,,,,,,,,,,,,0,1,en_au_013_bt,,1,,9100,9800,,5,,,,,,,,,,,,,,,,,7,au
343,351,10,8,Not request(+Åè0),Not sign up (+Åè0),,,Åy14days/13nights RENTALÅzau KDDI HWD11,1,,,,,,,,Åy14days/13nights RENTALÅzau KDDI HWD11,03151233_5504fda1d241d.jpg,*,03151233_5504fda1cf9ba.jpg,03151233_5504fda1cc895.jpg,,,,,,,,,,,,,,,,,,,,,,0,1,en_au_013,,1,,9100,9100,,5,,,,,,,,,,,,,,,,,7,au
344,531,9,7,Request(+Åè50/1day),Sign up (+Åè540),,,Åy15days/14nightsÅ`1month RENTALÅzau KDDI HWD11,1,,,,,,,,Åy15days/14nightsÅ`1month RENTALÅzau KDDI HWD11,03151247_550500b50526e.jpg,*,03151247_550500b502883.jpg,03151247_550500b4f3824.jpg,,,,,,,,,,,,,,,,,,,,,,0,1,en_au_014_in_bt,,1,,9750,11040,,5,,,,,,,,,,,,,,,,,7,au
344,530,10,7,Not request(+Åè0),Sign up (+Åè540),,,Åy15days/14nightsÅ`1month RENTALÅzau KDDI HWD11,1,,,,,,,,Åy15days/14nightsÅ`1month RENTALÅzau KDDI HWD11,03151247_550500b50526e.jpg,*,03151247_550500b502883.jpg,03151247_550500b4f3824.jpg,,,,,,,,,,,,,,,,,,,,,,0,1,en_au_014_in,,1,,9750,10290,,5,,,,,,,,,,,,,,,,,7,au
344,529,9,8,Request(+Åè50/1day),Not sign up (+Åè0),,,Åy15days/14nightsÅ`1month RENTALÅzau KDDI HWD11,1,,,,,,,,Åy15days/14nightsÅ`1month RENTALÅzau KDDI HWD11,03151247_550500b50526e.jpg,*,03151247_550500b502883.jpg,03151247_550500b4f3824.jpg,,,,,,,,,,,,,,,,,,,,,,0,1,en_au_014_bt,,1,,9750,10500,,5,,,,,,,,,,,,,,,,,7,au
344,352,10,8,Not request(+Åè0),Not sign up (+Åè0),,,Åy15days/14nightsÅ`1month RENTALÅzau KDDI HWD11,1,,,,,,,,Åy15days/14nightsÅ`1month RENTALÅzau KDDI HWD11,03151247_550500b50526e.jpg,*,03151247_550500b502883.jpg,03151247_550500b4f3824.jpg,,,,,,,,,,,,,,,,,,,,,,0,1,en_au_014,,1,,9750,9750,,5,,,,,,,,,,,,,,,,,7,au
345,534,9,7,Request(+Åè50/1day),Sign up (+Åè540),,,Åy2-month(61days/60nights) RENTALÅzau KDDI HWD11,1,,,,,,,,Åy2-month(61days/60nights) RENTALÅzau KDDI HWD11,03151246_5505009e5780e.jpg,*,03151246_5505009e54fcb.jpg,03151246_5505009e51ce5.jpg,,,,,,,,,,,,,,,,,,,,,,0,1,en_au_060_in_bt,,1,,17300,18890,,5,,,,,,,,,,,,,,,,,7,au
345,533,10,7,Not request(+Åè0),Sign up (+Åè540),,,Åy2-month(61days/60nights) RENTALÅzau KDDI HWD11,1,,,,,,,,Åy2-month(61days/60nights) RENTALÅzau KDDI HWD11,03151246_5505009e5780e.jpg,*,03151246_5505009e54fcb.jpg,03151246_5505009e51ce5.jpg,,,,,,,,,,,,,,,,,,,,,,0,1,en_au_060_in,,1,,17300,17840,,5,,,,,,,,,,,,,,,,,7,au
345,532,9,8,Request(+Åè50/1day),Not sign up (+Åè0),,,Åy2-month(61days/60nights) RENTALÅzau KDDI HWD11,1,,,,,,,,Åy2-month(61days/60nights) RENTALÅzau KDDI HWD11,03151246_5505009e5780e.jpg,*,03151246_5505009e54fcb.jpg,03151246_5505009e51ce5.jpg,,,,,,,,,,,,,,,,,,,,,,0,1,en_au_060_bt,,1,,17300,18350,,5,,,,,,,,,,,,,,,,,7,au
345,353,10,8,Not request(+Åè0),Not sign up (+Åè0),,,Åy2-month(61days/60nights) RENTALÅzau KDDI HWD11,1,,,,,,,,Åy2-month(61days/60nights) RENTALÅzau KDDI HWD11,03151246_5505009e5780e.jpg,*,03151246_5505009e54fcb.jpg,03151246_5505009e51ce5.jpg,,,,,,,,,,,,,,,,,,,,,,0,1,en_au_060,,1,,17300,17300,,5,,,,,,,,,,,,,,,,,7,au
346,537,9,7,Request(+Åè50/1day),Sign up (+Åè540),,,Åy3-month(91days/90nights) RENTALÅzau KDDI HWD11,1,,,,,,,,Åy3-month(91days/90nights) RENTALÅzau KDDI HWD11,03151246_550500824f76e.jpg,*,03151246_550500824c667.jpg,03151246_5505008249602.jpg,,,,,,,,,,,,,,,,,,,,,,0,1,en_au_090_in_bt,,1,,24200,26090,,5,,,,,,,,,,,,,,,,,7,au
346,536,10,7,Not request(+Åè0),Sign up (+Åè540),,,Åy3-month(91days/90nights) RENTALÅzau KDDI HWD11,1,,,,,,,,Åy3-month(91days/90nights) RENTALÅzau KDDI HWD11,03151246_550500824f76e.jpg,*,03151246_550500824c667.jpg,03151246_5505008249602.jpg,,,,,,,,,,,,,,,,,,,,,,0,1,en_au_090_in,,1,,24200,24740,,5,,,,,,,,,,,,,,,,,7,au
346,535,9,8,Request(+Åè50/1day),Not sign up (+Åè0),,,Åy3-month(91days/90nights) RENTALÅzau KDDI HWD11,1,,,,,,,,Åy3-month(91days/90nights) RENTALÅzau KDDI HWD11,03151246_550500824f76e.jpg,*,03151246_550500824c667.jpg,03151246_5505008249602.jpg,,,,,,,,,,,,,,,,,,,,,,0,1,en_au_090_bt,,1,,24200,25550,,5,,,,,,,,,,,,,,,,,7,au
346,354,10,8,Not request(+Åè0),Not sign up (+Åè0),,,Åy3-month(91days/90nights) RENTALÅzau KDDI HWD11,1,,,,,,,,Åy3-month(91days/90nights) RENTALÅzau KDDI HWD11,03151246_550500824f76e.jpg,*,03151246_550500824c667.jpg,03151246_5505008249602.jpg,,,,,,,,,,,,,,,,,,,,,,0,1,en_au_090,,1,,24200,24200,,5,,,,,,,,,,,,,,,,,7,au
